libsvm_id,document_id
0,3199
1,1544
2,3511
3,2492
4,3128
5,2207
6,2527
7,4275
8,86
9,2517
10,4323
11,3631
12,2996
13,4282
14,2857
15,3944
16,3813
17,859
18,4193
19,119
20,906
21,975
22,2036
23,3270
24,3408
25,378
26,3095
27,3182
28,4319
29,1125
30,1007
31,1735
32,4355
33,707
34,1440
35,692
36,4182
37,396
38,3307
39,182
40,4202
41,1964
42,4082
43,156
44,3563
45,192
46,1519
47,168
48,394
49,3376
50,1112
51,4326
52,65
53,13
54,2417
55,1309
56,17
57,433
58,4027
59,1616
60,1691
61,4019
62,1302
63,350
64,1239
65,3156
66,53
67,1433
68,18
69,1342
70,2794
71,688
72,3973
73,1784
74,2133
75,1204
76,2515
77,441
78,2051
79,3333
80,2966
81,2754
82,723
83,4063
84,970
85,2410
86,3535
87,999
88,2467
89,3793
90,1061
91,1973
92,1211
93,3573
94,545
95,4305
96,323
97,2210
98,1819
99,427
100,3611
101,386
102,1894
103,2883
104,1859
105,561
106,4149
107,3701
108,351
109,3125
110,2142
111,2211
112,1161
113,2549
114,2291
115,3843
116,3400
117,2470
118,3528
119,2665
120,3383
121,898
122,3895
123,106
124,2886
125,1004
126,2945
127,38
128,3512
129,2699
130,2747
131,2927
132,1340
133,2157
134,2190
135,933
136,1743
137,2619
138,2762
139,2424
140,2196
141,2349
142,2201
143,2856
144,524
145,1927
146,2409
147,1654
148,352
149,3882
150,171
151,3787
152,894
153,1290
154,4154
155,3124
156,2778
157,317
158,1123
159,729
160,555
161,3504
162,783
163,3244
164,2986
165,4194
166,4033
167,4231
168,2721
169,3587
170,1546
171,3346
172,2045
173,50
174,2394
175,3986
176,4087
177,781
178,3798
179,1704
180,180
181,749
182,2987
183,464
184,3281
185,1664
186,613
187,1432
188,1084
189,3945
190,3760
191,1629
192,4220
193,3947
194,1159
195,2230
196,2980
197,2734
198,2639
199,3655
200,3966
201,2608
202,986
203,3818
204,971
205,3429
206,400
207,2006
208,784
209,3210
210,4004
211,2609
212,293
213,2343
214,4320
215,2667
216,3197
217,2811
218,3457
219,4012
220,1615
221,3057
222,2331
223,387
224,1663
225,1134
226,662
227,2655
228,1099
229,19
230,1980
231,3137
232,1753
233,979
234,799
235,4372
236,1812
237,3171
238,1020
239,2115
240,2436
241,3717
242,2419
243,304
244,3538
245,22
246,3872
247,929
248,4344
249,1765
250,432
251,4321
252,526
253,210
254,1848
255,2594
256,4452
257,1881
258,734
259,539
260,748
261,3303
262,4342
263,1233
264,504
265,1875
266,409
267,1195
268,4039
269,2510
270,1057
271,2623
272,52
273,3362
274,2893
275,2387
276,1038
277,1648
278,1120
279,656
280,1644
281,3698
282,3588
283,2531
284,243
285,439
286,3489
287,4461
288,1104
289,1234
290,2482
291,2179
292,3605
293,767
294,2038
295,756
296,1190
297,2648
298,2626
299,3070
300,4235
301,1801
302,1326
303,2799
304,1513
305,4444
306,1304
307,3885
308,3277
309,1283
310,1685
311,1205
312,747
313,3195
314,1830
315,3906
316,1722
317,3035
318,3273
319,1404
320,2265
321,2782
322,1167
323,1152
324,1926
325,2335
326,1967
327,3991
328,4302
329,2243
330,313
331,3243
332,1928
333,2023
334,925
335,4443
336,1356
337,194
338,3820
339,289
340,2500
341,2700
342,4465
343,4236
344,3960
345,2831
346,3280
347,3272
348,2948
349,880
350,1653
351,3609
352,4017
353,3439
354,3858
355,724
356,4228
357,2039
358,304
359,3889
360,3496
361,2298
362,4321
363,402
364,120
365,2416
366,2530
367,29
368,3770
369,2274
370,458
371,1518
372,1408
373,2081
374,1803
375,1224
376,4340
377,1416
378,2352
379,3595
380,1343
381,4455
382,3310
383,521
384,3749
385,4242
386,2677
387,981
388,3738
389,3647
390,1202
391,2068
392,1511
393,1213
394,2389
395,2719
396,1696
397,1645
398,2922
399,1434
400,1111
401,3891
402,149
403,3634
404,2657
405,1446
406,534
407,766
408,4145
409,1744
410,1987
411,2155
412,2774
413,3135
414,2390
415,2473
416,3202
417,1243
418,3779
419,4447
420,1802
421,4283
422,2729
423,3050
424,2586
425,1989
426,1140
427,172
428,2012
429,4006
430,3879
431,1705
432,2230
433,2239
434,4238
435,3223
436,486
437,2720
438,3946
439,3667
440,982
441,3934
442,4432
443,2479
444,3726
445,1131
446,2805
447,2214
448,3935
449,1266
450,2901
451,3278
452,3849
453,1270
454,3696
455,702
456,2806
457,3823
458,2377
459,1869
460,1650
461,3026
462,2347
463,2978
464,2848
465,2106
466,2798
467,3658
468,1310
469,2170
470,4367
471,4428
472,3672
473,4198
474,3099
475,2336
476,2421
477,2173
478,3322
479,1688
480,700
481,4360
482,540
483,1785
484,2148
485,2709
486,2560
487,3584
488,2539
489,2470
490,3081
491,1857
492,2262
493,373
494,131
495,3375
496,2358
497,851
498,3740
499,1649
500,826
501,4245
502,2018
503,3700
504,2427
505,2994
506,2906
507,3341
508,1528
509,1879
510,3250
511,1452
512,1410
513,2674
514,1783
515,1334
516,1182
517,2692
518,4336
519,1607
520,2296
521,1759
522,3771
523,2139
524,1168
525,2540
526,10
527,987
528,1699
529,2454
530,361
531,4191
532,1263
533,1983
534,2552
535,3225
536,1709
537,2
538,2656
539,3019
540,3237
541,3141
542,1941
543,1966
544,2408
545,2508
546,4212
547,2367
548,227
549,713
550,3138
551,4391
552,1697
553,1944
554,46
555,3285
556,1971
557,988
558,1194
559,4186
560,3290
561,4155
562,3920
563,598
564,376
565,3116
566,725
567,564
568,4378
569,3347
570,3759
571,2422
572,1773
573,2052
574,71
575,3117
576,978
577,2096
578,4237
579,946
580,704
581,4020
582,36
583,976
584,1407
585,1293
586,1322
587,4285
588,1777
589,895
590,557
591,4284
592,2658
593,2026
594,3866
595,2700
596,4158
597,1536
598,1272
599,3856
600,2695
601,4233
602,690
603,2083
604,1653
605,1382
606,1095
607,1362
608,3423
609,2659
610,3447
611,3981
612,444
613,2779
614,1377
615,3
616,3191
617,2959
618,3537
619,2461
620,2197
621,1344
622,2042
623,2003
624,1712
625,3296
626,1350
627,1207
628,3911
629,1970
630,35
631,4266
632,2060
633,3546
634,733
635,241
636,3398
637,631
638,3999
639,3037
640,4056
641,959
642,4084
643,3051
644,2254
645,3628
646,4091
647,1329
648,3312
649,1543
650,3150
651,2775
652,161
653,2691
654,2920
655,410
656,518
657,3349
658,4281
659,2168
660,2248
661,1702
662,1359
663,3192
664,1235
665,3331
666,3155
667,3187
668,1514
669,2309
670,1093
671,4126
672,1455
673,4022
674,1255
675,3821
676,679
677,4421
678,875
679,3132
680,1804
681,3526
682,3921
683,667
684,2116
685,3028
686,4353
687,397
688,1515
689,2102
690,625
691,4105
692,1186
693,2854
694,2545
695,3275
696,3246
697,2670
698,1974
699,1665
700,3603
701,966
702,392
703,806
704,3174
705,3867
706,3539
707,2489
708,1043
709,4025
710,3918
711,508
712,4183
713,576
714,2498
715,3212
716,3809
717,4092
718,2615
719,944
720,2592
721,1162
722,1921
723,2370
724,183
725,1188
726,3442
727,860
728,3121
729,4335
730,672
731,5
732,0
733,3917
734,2236
735,1639
736,3702
737,1044
738,3976
739,3691
740,3815
741,2152
742,4396
743,804
744,3998
745,461
746,2818
747,3928
748,4289
749,1632
750,2172
751,3226
752,1918
753,3765
754,4231
755,3020
756,27
757,1965
758,1840
759,647
760,4423
761,2456
762,3540
763,4072
764,4000
765,234
766,2070
767,3758
768,4066
769,1844
770,4390
771,3552
772,3965
773,3015
774,827
775,1586
776,2563
777,1503
778,2716
779,3793
780,2484
781,616
782,800
783,4343
784,3987
785,3938
786,3804
787,2104
788,4177
789,2392
790,3997
791,2433
792,2650
793,2900
794,2432
795,1642
796,1740
797,2690
798,1575
799,3970
800,991
801,3596
802,3694
803,3091
804,1683
805,1228
806,4179
807,2841
808,2913
809,34
810,488
811,3271
812,952
813,1184
814,144
815,1919
816,4359
817,2220
818,3145
819,3107
820,263
821,2687
822,3983
823,371
824,3962
825,890
826,4085
827,3217
828,1778
829,3450
830,4288
831,1641
832,3328
833,2059
834,3733
835,1693
836,1672
837,275
838,1288
839,660
840,2158
841,2068
842,1403
843,1119
844,2538
845,3336
846,1355
847,592
848,2866
849,1738
850,3425
851,2356
852,1877
853,4223
854,3299
855,1199
856,1333
857,2027
858,2242
859,1291
860,590
861,3330
862,379
863,273
864,2635
865,2418
866,617
867,2534
868,503
869,1058
870,2972
871,1571
872,2860
873,20
874,4247
875,3456
876,3451
877,2507
878,3018
879,3913
880,422
881,2807
882,3031
883,3412
884,1323
885,479
886,421
887,1895
888,2571
889,80
890,2788
891,4469
892,1137
893,1537
894,3586
895,3365
896,934
897,3233
898,1552
899,4470
900,4129
901,3126
902,3253
903,1620
904,477
905,3005
906,1578
907,1241
908,533
909,3715
910,2169
911,2021
912,1760
913,3956
914,4383
915,178
916,2426
917,1725
918,1991
919,2120
920,1368
921,2793
922,3897
923,1573
924,636
925,4330
926,2444
927,160
928,4389
929,1360
930,390
931,3739
932,1139
933,3474
934,321
935,2284
936,4201
937,256
938,332
939,4181
940,4040
941,3617
942,3085
943,1647
944,1143
945,184
946,2054
947,4345
948,650
949,2761
950,1145
951,4456
952,3509
953,847
954,3129
955,1805
956,1300
957,4013
958,1299
959,3872
960,4163
961,2877
962,2232
963,1599
964,2876
965,3831
966,268
967,4401
968,4267
969,4272
970,1166
971,85
972,428
973,794
974,107
975,1982
976,1678
977,3680
978,1045
979,2561
980,4299
981,2089
982,1690
983,2523
984,3185
985,2537
986,2228
987,1249
988,285
989,3391
990,207
991,4038
992,4397
993,1495
994,2908
995,2504
996,3154
997,1462
998,4123
999,790
1000,4351
1001,442
1002,242
1003,3791
1004,4433
1005,1441
1006,4224
1007,782
1008,2428
1009,1887
1010,3142
1011,480
1012,2897
1013,193
1014,714
1015,2844
1016,4109
1017,618
1018,3709
1019,2878
1020,587
1021,1320
1022,619
1023,1311
1024,3681
1025,1994
1026,2757
1027,1221
1028,3782
1029,2252
1030,2368
1031,3893
1032,1568
1033,3929
1034,159
1035,785
1036,2253
1037,231
1038,3379
1039,492
1040,1110
1041,1799
1042,2069
1043,3800
1044,4119
1045,2175
1046,2388
1047,960
1048,4400
1049,1810
1050,4001
1051,3311
1052,939
1053,353
1054,70
1055,1115
1056,2535
1057,2763
1058,224
1059,2227
1060,4184
1061,1389
1062,1179
1063,812
1064,312
1065,1413
1066,3325
1067,1474
1068,2024
1069,2969
1070,3363
1071,327
1072,763
1073,2299
1074,417
1075,2755
1076,502
1077,837
1078,239
1079,3254
1080,1948
1081,1750
1082,1969
1083,1562
1084,3402
1085,4293
1086,3547
1087,3734
1088,600
1089,3007
1090,1460
1091,4269
1092,1451
1093,3812
1094,3608
1095,3992
1096,4312
1097,2330
1098,556
1099,3409
1100,4125
1101,3352
1102,1297
1103,1034
1104,2995
1105,2612
1106,1841
1107,1240
1108,4195
1109,2800
1110,165
1111,1679
1112,3314
1113,792
1114,123
1115,3516
1116,2465
1117,4322
1118,661
1119,251
1120,1042
1121,884
1122,3605
1123,2744
1124,4197
1125,842
1126,2263
1127,2840
1128,3784
1129,3601
1130,4211
1131,3407
1132,2140
1133,2706
1134,2684
1135,1210
1136,315
1137,795
1138,3695
1139,3997
1140,2392
1141,4177
1142,2433
1143,2650
1144,391
1145,452
1146,2946
1147,4434
1148,1852
1149,3656
1150,1733
1151,1842
1152,4419
1153,447
1154,4338
1155,1527
1156,3652
1157,3518
1158,4115
1159,917
1160,505
1161,3105
1162,2593
1163,3433
1164,3926
1165,1938
1166,2555
1167,677
1168,2443
1169,2342
1170,3637
1171,404
1172,2381
1173,4067
1174,2249
1175,746
1176,1180
1177,3120
1178,2345
1179,1716
1180,2022
1181,1755
1182,2303
1183,2933
1184,2430
1185,1421
1186,1108
1187,214
1188,779
1189,4411
1190,3006
1191,1127
1192,3468
1193,244
1194,1399
1195,331
1196,2438
1197,2056
1198,1254
1199,3172
1200,2912
1201,3088
1202,2808
1203,2041
1204,977
1205,3581
1206,3012
1207,2369
1208,1442
1209,162
1210,3164
1211,2063
1212,4259
1213,3748
1214,2350
1215,446
1216,2241
1217,3359
1218,2268
1219,4349
1220,634
1221,3247
1222,4303
1223,4363
1224,2313
1225,4430
1226,3589
1227,456
1228,4108
1229,1349
1230,2123
1231,124
1232,1792
1233,2943
1234,4014
1235,3632
1236,1793
1237,2134
1238,868
1239,506
1240,2440
1241,318
1242,3834
1243,1040
1244,2766
1245,189
1246,2260
1247,372
1248,1080
1249,3569
1250,2397
1251,3315
1252,580
1253,306
1254,735
1255,3814
1256,3629
1257,3342
1258,1404
1259,4387
1260,3196
1261,1141
1262,4472
1263,1227
1264,1054
1265,1786
1266,1252
1267,623
1268,329
1269,1051
1270,3662
1271,773
1272,4278
1273,2164
1274,1795
1275,620
1276,1959
1277,2250
1278,2485
1279,253
1280,31
1281,543
1282,3795
1283,2235
1284,961
1285,3673
1286,1380
1287,3438
1288,943
1289,769
1290,2186
1291,3194
1292,1853
1293,2633
1294,342
1295,2174
1296,1806
1297,1630
1298,3475
1299,4467
1300,4296
1301,3604
1302,2768
1303,687
1304,1775
1305,4310
1306,3146
1307,3711
1308,4003
1309,4002
1310,1384
1311,3714
1312,1621
1313,2462
1314,2307
1315,3190
1316,195
1317,721
1318,2542
1319,2925
1320,3907
1321,2495
1322,3135
1323,3446
1324,955
1325,1770
1326,1658
1327,3371
1328,3517
1329,2242
1330,1439
1331,2020
1332,1244
1333,3029
1334,2819
1335,2136
1336,536
1337,358
1338,2144
1339,388
1340,3872
1341,1509
1342,22
1343,1557
1344,2683
1345,432
1346,1149
1347,1337
1348,2162
1349,807
1350,3995
1351,4376
1352,3881
1353,2781
1354,1001
1355,3904
1356,3870
1357,2934
1358,2585
1359,1196
1360,1165
1361,2567
1362,645
1363,2245
1364,1512
1365,1656
1366,4104
1367,3625
1368,4409
1369,1603
1370,3092
1371,3502
1372,1811
1373,668
1374,250
1375,3942
1376,2019
1377,370
1378,1005
1379,4215
1380,3850
1381,2499
1382,3316
1383,3741
1384,3399
1385,2552
1386,4054
1387,2351
1388,4250
1389,2728
1390,553
1391,4113
1392,1226
1393,825
1394,3386
1395,1572
1396,203
1397,3506
1398,3313
1399,3123
1400,3492
1401,554
1402,828
1403,4356
1404,3747
1405,2044
1406,552
1407,425
1408,3772
1409,3975
1410,284
1411,4352
1412,2412
1413,3864
1414,55
1415,2882
1416,2097
1417,878
1418,835
1419,3786
1420,574
1421,3830
1422,2823
1423,2107
1424,1977
1425,568
1426,3887
1427,148
1428,2332
1429,3530
1430,2997
1431,1843
1432,1376
1433,1231
1434,720
1435,4150
1436,3317
1437,2950
1438,1124
1439,1256
1440,2532
1441,64
1442,2588
1443,4451
1444,1728
1445,1836
1446,1587
1447,2617
1448,736
1449,2224
1450,1388
1451,403
1452,3958
1453,1780
1454,2138
1455,3100
1456,2993
1457,3304
1458,4068
1459,2837
1460,2084
1461,968
1462,2372
1463,2662
1464,2509
1465,1090
1466,2864
1467,450
1468,1286
1469,471
1470,1011
1471,1008
1472,909
1473,2382
1474,2002
1475,26
1476,2304
1477,2154
1478,1107
1479,1482
1480,3067
1481,1142
1482,3066
1483,497
1484,1676
1485,4203
1486,928
1487,1383
1488,4325
1489,345
1490,1706
1491,2029
1492,2983
1493,1387
1494,2512
1495,3719
1496,1520
1497,1250
1498,1375
1499,4045
1500,2698
1501,920
1502,121
1503,1242
1504,3049
1505,478
1506,83
1507,4221
1508,3704
1509,2614
1510,4088
1511,2578
1512,2553
1513,94
1514,1091
1515,3420
1516,808
1517,3016
1518,1547
1519,1428
1520,669
1521,2948
1522,3858
1523,4017
1524,724
1525,4228
1526,2039
1527,1653
1528,3609
1529,880
1530,932
1531,4165
1532,3439
1533,3868
1534,1680
1535,3452
1536,1908
1537,2569
1538,956
1539,443
1540,1023
1541,3968
1542,1429
1543,2783
1544,2964
1545,3705
1546,4153
1547,1715
1548,2926
1549,2400
1550,2554
1551,3017
1552,2529
1553,3034
1554,1367
1555,3510
1556,2151
1557,164
1558,1931
1559,4364
1560,1886
1561,1761
1562,4074
1563,1719
1564,295
1565,326
1566,220
1567,3674
1568,2128
1569,406
1570,3168
1571,2082
1572,2282
1573,3836
1574,755
1575,1661
1576,2285
1577,467
1578,1816
1579,1890
1580,1420
1581,213
1582,260
1583,374
1584,3227
1585,628
1586,3104
1587,3167
1588,957
1589,950
1590,4241
1591,2267
1592,509
1593,693
1594,2624
1595,2881
1596,3837
1597,3757
1598,2649
1599,3043
1600,3179
1601,737
1602,2644
1603,84
1604,3924
1605,541
1606,1859
1607,169
1608,3922
1609,2475
1610,4361
1611,4042
1612,915
1613,4457
1614,3367
1615,887
1616,155
1617,698
1618,2403
1619,819
1620,3198
1621,398
1622,558
1623,2992
1624,4368
1625,992
1626,2618
1627,2292
1628,2582
1629,2727
1630,3994
1631,4216
1632,3387
1633,990
1634,1469
1635,4124
1636,2640
1637,2453
1638,4301
1639,2405
1640,2163
1641,4214
1642,4217
1643,2490
1644,2861
1645,570
1646,659
1647,3974
1648,3215
1649,1059
1650,2974
1651,2984
1652,181
1653,3463
1654,3159
1655,2776
1656,1056
1657,1636
1658,1219
1659,4041
1660,1942
1661,578
1662,3356
1663,3978
1664,262
1665,3098
1666,437
1667,2862
1668,3776
1669,3548
1670,2200
1671,2889
1672,1385
1673,15
1674,1752
1675,264
1676,3472
1677,2546
1678,3670
1679,1734
1680,3028
1681,225
1682,809
1683,3708
1684,913
1685,1153
1686,3006
1687,531
1688,1245
1689,770
1690,1980
1691,3153
1692,551
1693,362
1694,3065
1695,718
1696,129
1697,3638
1698,1279
1699,881
1700,4101
1701,777
1702,705
1703,778
1704,836
1705,681
1706,2354
1707,2526
1708,4121
1709,4175
1710,2852
1711,2651
1712,3649
1713,1975
1714,3040
1715,44
1716,3479
1717,2193
1718,3802
1719,2836
1720,1370
1721,511
1722,4200
1723,2305
1724,333
1725,997
1726,3319
1727,4139
1728,1782
1729,405
1730,3189
1731,2146
1732,3599
1733,51
1734,699
1735,3166
1736,436
1737,3908
1738,4057
1739,1851
1740,1138
1741,1850
1742,1267
1743,2406
1744,2707
1745,1046
1746,45
1747,3878
1748,118
1749,2760
1750,3385
1751,2209
1752,1029
1753,2431
1754,1500
1755,627
1756,2647
1757,3909
1758,2824
1759,3301
1760,566
1761,116
1762,1556
1763,2110
1764,4229
1765,2459
1766,1790
1767,23
1768,3294
1769,2847
1770,12
1771,2675
1772,4399
1773,1345
1774,28
1775,114
1776,3033
1777,3775
1778,1458
1779,4255
1780,844
1781,1905
1782,1929
1783,175
1784,100
1785,2558
1786,2724
1787,1475
1788,2100
1789,3642
1790,2962
1791,1335
1792,4307
1793,559
1794,265
1795,2319
1796,1069
1797,4011
1798,1217
1799,3751
1800,1604
1801,3444
1802,2037
1803,4420
1804,3536
1805,2334
1806,927
1807,4137
1808,4005
1809,3682
1810,1736
1811,4156
1812,3668
1813,983
1814,3042
1815,359
1816,360
1817,563
1818,1675
1819,877
1820,1265
1821,3001
1822,3653
1823,1466
1824,3207
1825,2251
1826,3936
1827,3369
1828,2353
1829,818
1830,1268
1831,3495
1832,3901
1833,899
1834,2722
1835,3160
1836,4122
1837,3874
1838,4097
1839,3580
1840,1631
1841,3378
1842,3076
1843,512
1844,3152
1845,3151
1846,3041
1847,1579
1848,3671
1849,4244
1850,4099
1851,2867
1852,765
1853,1082
1854,4371
1855,2013
1856,998
1857,3551
1858,2373
1859,4189
1860,3961
1861,3816
1862,863
1863,196
1864,1332
1865,1711
1866,319
1867,348
1868,1414
1869,715
1870,538
1871,1169
1872,2423
1873,2520
1874,1211
1875,3370
1876,542
1877,1700
1878,1177
1879,1962
1880,2099
1881,3762
1882,515
1883,2072
1884,2787
1885,3308
1886,1060
1887,1817
1888,1638
1889,954
1890,489
1891,4007
1892,2816
1893,2730
1894,2250
1895,3119
1896,3069
1897,3080
1898,501
1899,2359
1900,4324
1901,2668
1902,2548
1903,1826
1904,831
1905,896
1906,3610
1907,4142
1908,1409
1909,2697
1910,197
1911,2005
1912,2671
1913,1554
1914,2472
1915,948
1916,930
1917,3177
1918,1393
1919,1523
1920,266
1921,3421
1922,3640
1923,2961
1924,3621
1925,4173
1926,1815
1927,487
1928,1531
1929,1522
1930,4386
1931,1028
1932,3857
1933,401
1934,3364
1935,581
1936,3259
1937,1448
1938,1833
1939,229
1940,3417
1941,4164
1942,117
1943,1018
1944,3558
1945,3579
1946,1611
1947,2732
1948,1492
1949,1009
1950,3597
1951,3140
1952,354
1953,2736
1954,380
1955,1968
1956,3274
1957,280
1958,3178
1959,95
1960,1318
1961,1874
1962,1472
1963,3424
1964,2264
1965,1741
1966,187
1967,3264
1968,3644
1969,1820
1970,1129
1971,589
1972,527
1973,3337
1974,4127
1975,3401
1976,40
1977,3718
1978,3389
1979,3470
1980,2160
1981,230
1982,3801
1983,1955
1984,2222
1985,584
1986,1035
1987,235
1988,222
1989,3434
1990,4204
1991,3405
1992,2429
1993,2435
1994,3459
1995,3208
1996,612
1997,1897
1998,43
1999,493
2000,3729
2001,740
2002,1172
2003,2998
2004,4385
2005,786
2006,1896
2007,1402
2008,801
2009,4431
2010,2431
2011,3055
2012,2311
2013,2898
2014,1925
2015,691
2016,4036
2017,484
2018,967
2019,4337
2020,1438
2021,2914
2022,104
2023,4437
2024,2271
2025,3541
2026,3848
2027,1025
2028,3096
2029,2124
2030,69
2031,1560
2032,2711
2033,381
2034,344
2035,4273
2036,507
2037,2595
2038,4
2039,1236
2040,2803
2041,2646
2042,1113
2043,2810
2044,1418
2045,2231
2046,1540
2047,424
2048,4327
2049,2804
2050,4438
2051,3298
2052,3722
2053,3351
2054,221
2055,2599
2056,267
2057,3273
2058,346
2059,593
2060,599
2061,607
2062,4415
2063,335
2064,399
2065,338
2066,2746
2067,3777
2068,744
2069,4471
2070,2550
2071,3240
2072,869
2073,4271
2074,24
2075,1164
2076,2000
2077,3819
2078,393
2079,2587
2080,2449
2081,1074
2082,2329
2083,813
2084,2564
2085,258
2086,1667
2087,3606
2088,4416
2089,3697
2090,1134
2091,4316
2092,1301
2093,1713
2094,469
2095,2704
2096,973
2097,3490
2098,1946
2099,494
2100,1595
2101,606
2102,1781
2103,762
2104,3892
2105,176
2106,463
2107,3397
2108,3455
2109,2130
2110,2568
2111,824
2112,1934
2113,1714
2114,347
2115,2723
2116,3590
2117,4089
2118,438
2119,1669
2120,2905
2121,3108
2122,1593
2123,1486
2124,1553
2125,1121
2126,4180
2127,1899
2128,3582
2129,2951
2130,3161
2131,3793
2132,3320
2133,3134
2134,1089
2135,972
2136,2159
2137,1178
2138,2771
2139,1203
2140,1521
2141,3710
2142,689
2143,2086
2144,3413
2145,2125
2146,4333
2147,2910
2148,2777
2149,513
2150,4274
2151,605
2152,1331
2153,1577
2154,2911
2155,122
2156,3665
2157,3410
2158,1749
2159,4117
2160,815
2161,4188
2162,4174
2163,2182
2164,630
2165,3077
2166,4436
2167,1026
2168,969
2169,2583
2170,3939
2171,1771
2172,3382
2173,663
2174,4106
2175,3780
2176,926
2177,1238
2178,3059
2179,2949
2180,965
2181,3476
2182,3996
2183,2772
2184,2817
2185,33
2186,4256
2187,3503
2188,1933
2189,3557
2190,2679
2191,1363
2192,4209
2193,67
2194,1330
2195,739
2196,297
2197,2077
2198,2471
2199,1175
2200,764
2201,2725
2202,1963
2203,706
2204,21
2205,3395
2206,4035
2207,1191
2208,3869
2209,908
2210,4253
2211,3214
2212,3230
2213,1860
2214,4086
2215,1109
2216,2931
2217,60
2218,2167
2219,457
2220,1456
2221,3863
2222,1758
2223,2126
2224,1411
2225,3519
2226,3469
2227,1888
2228,1608
2229,3255
2230,560
2231,614
2232,1831
2233,931
2234,4071
2235,1548
2236,1626
2237,1953
2238,1998
2239,269
2240,1263
2241,2575
2242,3428
2243,382
2244,2807
2245,3072
2246,3810
2247,1598
2248,771
2249,1485
2250,2176
2251,3513
2252,666
2253,3886
2254,3465
2255,798
2256,3170
2257,1229
2258,150
2259,712
2260,2011
2261,3258
2262,3188
2263,1176
2264,2837
2265,1090
2266,664
2267,3811
2268,750
2269,2161
2270,2460
2271,1814
2272,621
2273,2281
2274,3106
2275,4148
2276,2718
2277,4243
2278,2378
2279,1052
2280,99
2281,4394
2282,288
2283,2899
2284,3515
2285,787
2286,4048
2287,1336
2288,984
2289,2294
2290,4418
2291,3478
2292,460
2293,2838
2294,632
2295,2238
2296,856
2297,3982
2298,430
2299,3004
2300,665
2301,4287
2302,349
2303,1646
2304,2327
2305,3544
2306,414
2307,1281
2308,4232
2309,278
2310,1871
2311,918
2312,1488
2313,90
2314,4090
2315,4439
2316,3693
2317,708
2318,1073
2319,3454
2320,4076
2321,2234
2322,1949
2323,3448
2324,1222
2325,1662
2326,125
2327,742
2328,3427
2329,3086
2330,4369
2331,4449
2332,2589
2333,1976
2334,434
2335,525
2336,1467
2337,940
2338,261
2339,2830
2340,2952
2341,2178
2342,980
2343,1155
2344,2487
2345,711
2346,2223
2347,1958
2348,3875
2349,3654
2350,1864
2351,2629
2352,2102
2353,3532
2354,2962
2355,3648
2356,1610
2357,751
2358,678
2359,377
2360,3963
2361,4169
2362,738
2363,4424
2364,3173
2365,1703
2366,1406
2367,126
2368,3783
2369,4043
2370,2478
2371,316
2372,1313
2373,2255
2374,758
2375,2300
2376,61
2377,3016
2378,1037
2379,1547
2380,1428
2381,722
2382,2939
2383,1477
2384,3291
2385,1417
2386,1854
2387,2924
2388,3756
2389,1312
2390,2868
2391,2384
2392,3888
2393,206
2394,1634
2395,3583
2396,3494
2397,1264
2398,368
2399,2602
2400,516
2401,854
2402,3990
2403,330
2404,1590
2405,571
2406,3796
2407,2789
2408,2513
2409,3633
2410,3774
2411,546
2412,1588
2413,2935
2414,1682
2415,2641
2416,3794
2417,1532
2418,2025
2419,2855
2420,3318
2421,4464
2422,209
2423,2247
2424,2425
2425,4023
2426,4361
2427,4261
2428,4329
2429,4134
2430,1021
2431,3411
2432,1105
2433,2903
2434,846
2435,3148
2436,3499
2437,1493
2438,4058
2439,154
2440,3038
2441,853
2442,3219
2443,791
2444,2936
2445,1496
2446,1445
2447,2073
2448,448
2449,1878
2450,1398
2451,470
2452,2015
2453,2884
2454,6
2455,3679
2456,3781
2457,3533
2458,544
2459,2973
2460,694
2461,3592
2462,340
2463,4248
2464,252
2465,1619
2466,4463
2467,365
2468,2017
2469,583
2470,1258
2471,996
2472,3491
2473,4240
2474,1937
2475,1351
2476,752
2477,4226
2478,2551
2479,4373
2480,1013
2481,2643
2482,110
2483,475
2484,2758
2485,594
2486,1524
2487,3415
2488,1424
2489,2749
2490,2221
2491,519
2492,3089
2493,1278
2494,3062
2495,3505
2496,2216
2497,4044
2498,743
2499,796
2500,3550
2501,3366
2502,3221
2503,1353
2504,2663
2505,366
2506,2522
2507,4065
2508,2743
2509,3031
2510,4469
2511,2807
2512,80
2513,3018
2514,2949
2515,2047
2516,876
2517,3384
2518,4362
2519,228
2520,1764
2521,760
2522,2606
2523,2156
2524,3624
2525,2212
2526,1144
2527,4222
2528,3559
2529,3021
2530,1358
2531,635
2532,2450
2533,1794
2534,4313
2535,3052
2536,1873
2537,2131
2538,4251
2539,2970
2540,1845
2541,3460
2542,2014
2543,2078
2544,334
2545,2516
2546,3877
2547,3165
2548,462
2549,1338
2550,3345
2551,96
2552,3927
2553,864
2554,3430
2555,1939
2556,185
2557,249
2558,173
2559,3186
2560,1824
2561,586
2562,3585
2563,4403
2564,2875
2565,1545
2566,3353
2567,1346
2568,3803
2569,651
2570,2822
2571,1150
2572,1192
2573,49
2574,849
2575,74
2576,3011
2577,861
2578,279
2579,2481
2580,4375
2581,2402
2582,3176
2583,1316
2584,2714
2585,2611
2586,862
2587,867
2588,3131
2589,56
2590,3180
2591,3910
2592,577
2593,4218
2594,3486
2595,3211
2596,2362
2597,537
2598,2206
2599,1807
2600,1920
2601,3426
2602,4442
2603,1956
2604,292
2605,3790
2606,459
2607,1505
2608,2616
2609,3797
2610,3133
2611,3204
2612,4328
2613,1012
2614,3724
2615,4078
2616,4398
2617,3954
2618,3218
2619,855
2620,3498
2621,2288
2622,1014
2623,1884
2624,761
2625,3493
2626,4254
2627,4122
2628,112
2629,3399
2630,3076
2631,2335
2632,2603
2633,2183
2634,355
2635,13
2636,3404
2637,3742
2638,496
2639,2779
2640,673
2641,1754
2642,1787
2643,3750
2644,2195
2645,2256
2646,1031
2647,870
2648,1193
2649,3437
2650,1707
2651,3103
2652,2290
2653,286
2654,177
2655,1259
2656,2915
2657,834
2658,1197
2659,637
2660,490
2661,423
2662,2742
2663,2322
2664,472
2665,41
2666,3205
2667,271
2668,4225
2669,1935
2670,4354
2671,3556
2672,3567
2673,821
2674,2685
2675,1889
2676,2045
2677,3984
2678,2049
2679,429
2680,2873
2681,4060
2682,1917
2683,2879
2684,2981
2685,2557
2686,1502
2687,2302
2688,2010
2689,4374
2690,3545
2691,1859
2692,520
2693,3855
2694,169
2695,3573
2696,545
2697,4384
2698,4361
2699,3922
2700,2475
2701,4042
2702,2441
2703,2773
2704,1673
2705,79
2706,2339
2707,3785
2708,2678
2709,3898
2710,1365
2711,2596
2712,1788
2713,2323
2714,532
2715,3631
2716,2967
2717,3248
2718,1463
2719,3203
2720,1078
2721,2932
2722,674
2723,3350
2724,3222
2725,3520
2726,2842
2727,3206
2728,745
2729,2578
2730,2705
2731,2863
2732,1395
2733,1158
2734,1373
2735,3176
2736,3578
2737,2664
2738,399
2739,1525
2740,270
2741,25
2742,136
2743,2411
2744,3094
2745,3553
2746,301
2747,4382
2748,2843
2749,2040
2750,322
2751,2784
2752,4143
2753,2434
2754,3980
2755,111
2756,2320
2757,1767
2758,2308
2759,1605
2760,1390
2761,4206
2762,652
2763,1558
2764,657
2765,805
2766,2363
2767,2605
2768,2395
2769,1508
2770,3097
2771,276
2772,407
2773,4059
2774,3807
2775,2502
2776,1461
2777,2701
2778,2921
2779,3827
2780,2118
2781,1303
2782,2859
2783,4380
2784,2570
2785,3113
2786,1582
2787,2439
2788,310
2789,1904
2790,3690
2791,307
2792,48
2793,4021
2794,629
2795,4131
2796,2321
2797,3937
2798,1480
2799,1876
2800,768
2801,2880
2802,2769
2803,1419
2804,4366
2805,2277
2806,1984
2807,626
2808,3534
2809,3731
2810,2940
2811,4120
2812,858
2813,3959
2814,3833
2815,4300
2816,838
2817,2686
2818,1401
2819,1730
2820,2257
2821,2712
2822,1718
2823,1189
2824,2215
2825,153
2826,3485
2827,3660
2828,4453
2829,2731
2830,1484
2831,3916
2832,2001
2833,1668
2834,143
2835,1906
2836,1566
2837,1776
2838,62
2839,272
2840,4081
2841,2693
2842,2851
2843,4166
2844,3149
2845,1032
2846,375
2847,910
2848,4098
2849,1717
2850,608
2851,2279
2852,454
2853,3030
2854,2645
2855,3334
2856,4425
2857,1583
2858,1425
2859,2379
2860,1430
2861,2576
2862,4187
2863,2916
2864,4018
2865,1622
2866,4407
2867,4395
2868,2108
2869,4365
2870,2340
2871,3607
2872,974
2873,3157
2874,367
2875,4010
2876,1612
2877,680
2878,3914
2879,2177
2880,893
2881,2483
2882,3572
2883,1284
2884,1567
2885,1674
2886,3252
2887,4440
2888,1569
2889,3555
2890,2028
2891,3622
2892,3735
2893,1995
2894,2750
2895,2801
2896,797
2897,1957
2898,3443
2899,688
2900,1223
2901,2904
2902,1992
2903,485
2904,2306
2905,466
2906,3957
2907,602
2908,579
2909,919
2910,500
2911,308
2912,3883
2913,1510
2914,2030
2915,582
2916,888
2917,1538
2918,3876
2919,585
2920,4249
2921,2048
2922,2289
2923,1855
2924,2366
2925,30
2926,3339
2927,4435
2928,3046
2929,793
2930,817
2931,240
2932,1541
2933,1378
2934,1276
2935,1071
2936,4392
2937,2226
2938,2825
2939,3789
2940,142
2941,4357
2942,2071
2943,3162
2944,1637
2945,3730
2946,4406
2947,879
2948,1769
2949,3110
2950,4049
2951,3480
2952,2600
2953,2205
2954,2095
2955,2396
2956,1549
2957,741
2958,2283
2959,3613
2960,1305
2961,1481
2962,1681
2963,1862
2964,1341
2965,2068
2966,2677
2967,1136
2968,3074
2969,3778
2970,2165
2971,1047
2972,3416
2973,3327
2974,2240
2975,3853
2976,1628
2977,4008
2978,4268
2979,3324
2980,2660
2981,1306
2982,3524
2983,716
2984,1135
2985,780
2986,1379
2987,2786
2988,3282
2989,3566
2990,3372
2991,1294
2992,3009
2993,1742
2994,1633
2995,2621
2996,2632
2997,4379
2998,3224
2999,3736
3000,3755
3001,2834
3002,3287
3003,1694
3004,1126
3005,3591
3006,4346
3007,1892
3008,1526
3009,1019
3010,2702
3011,2521
3012,1818
3013,3229
3014,1913
3015,4334
3016,2466
3017,2119
3018,3143
3019,3047
3020,1248
3021,4052
3022,2404
3023,1602
3024,2584
3025,2087
3026,343
3027,951
3028,1550
3029,1371
3030,1102
3031,1454
3032,4130
3033,3169
3034,3453
3035,2437
3036,3061
3037,2802
3038,2445
3039,255
3040,412
3041,989
3042,4132
3043,2129
3044,4111
3045,535
3046,2391
3047,1872
3048,2985
3049,73
3050,1237
3051,3884
3052,449
3053,1447
3054,2891
3055,37
3056,4062
3057,2458
3058,3013
3059,8
3060,3716
3061,4388
3062,1943
3063,363
3064,643
3065,1473
3066,2301
3067,1969
3068,1198
3069,426
3070,3977
3071,3306
3072,3842
3073,167
3074,2661
3075,3078
3076,2572
3077,2960
3078,291
3079,3396
3080,1347
3081,14
3082,4402
3083,3484
3084,3627
3085,1392
3086,841
3087,2273
3088,1947
3089,108
3090,1374
3091,1748
3092,3574
3093,2850
3094,138
3095,3288
3096,1077
3097,1909
3098,2846
3099,102
3100,1307
3101,2963
3102,810
3103,3024
3104,1954
3105,4318
3106,1022
3107,2518
3108,1922
3109,1308
3110,3079
3111,1260
3112,1930
3113,163
3114,1103
3115,4093
3116,4185
3117,1292
3118,1592
3119,1798
3120,2812
3121,717
3122,3880
3123,2874
3124,4262
3125,2604
3126,873
3127,1727
3128,3279
3129,2093
3130,2613
3131,1883
3132,4015
3133,1643
3134,2828
3135,1613
3136,2098
3137,1726
3138,3580
3139,1206
3140,3102
3141,1530
3142,3109
3143,3487
3144,3979
3145,364
3146,1617
3147,4446
3148,4458
3149,2085
3150,1015
3151,1791
3152,3720
3153,2909
3154,633
3155,3054
3156,3147
3157,3835
3158,2953
3159,3845
3160,254
3161,3651
3162,2601
3163,3360
3164,901
3165,3813
3166,2344
3167,2064
3168,3688
3169,3619
3170,2872
3171,1459
3172,3828
3173,166
3174,482
3175,3500
3176,3458
3177,3053
3178,1825
3179,3677
3180,2741
3181,3228
3182,2890
3183,1287
3184,3692
3185,2948
3186,3858
3187,4017
3188,1275
3189,4228
3190,2039
3191,880
3192,1653
3193,3609
3194,3439
3195,2999
3196,1614
3197,924
3198,1867
3199,2246
3200,3560
3201,1561
3202,1972
3203,1601
3204,3943
3205,962
3206,3612
3207,1839
3208,3332
3209,2634
3210,356
3211,2525
3212,3859
3213,2383
3214,3940
3215,281
3216,2869
3217,2694
3218,848
3219,3220
3220,2371
3221,87
3222,2150
3223,1494
3224,3952
3225,1262
3226,1950
3227,2815
3228,3045
3229,2565
3230,2636
3231,682
3232,1002
3233,1251
3234,3841
3235,2738
3236,3093
3237,622
3238,1070
3239,75
3240,2610
3241,1117
3242,4146
3243,1147
3244,3000
3245,3236
3246,198
3247,2269
3248,2826
3249,4341
3250,320
3251,1130
3252,3854
3253,1821
3254,2310
3255,3919
3256,2895
3257,1397
3258,3615
3259,4304
3260,2870
3261,2505
3262,2420
3263,2145
3264,218
3265,4325
3266,3449
3267,4110
3268,1720
3269,324
3270,1181
3271,3507
3272,2713
3273,4459
3274,4294
3275,772
3276,2380
3277,1086
3278,1659
3279,2631
3280,830
3281,1200
3282,4208
3283,2533
3284,3707
3285,4295
3286,4410
3287,4404
3288,3743
3289,1914
3290,170
3291,1589
3292,76
3293,1269
3294,3906
3295,646
3296,157
3297,389
3298,2065
3299,4314
3300,1581
3301,833
3302,1684
3303,2791
3304,1907
3305,1426
3306,415
3307,4030
3308,609
3309,127
3310,3445
3311,3508
3312,1923
3313,1594
3314,2180
3315,2488
3316,1352
3317,3144
3318,1829
3319,3357
3320,1670
3321,3568
3322,1174
3323,3462
3324,3008
3325,1000
3326,3267
3327,4051
3328,3561
3329,3481
3330,640
3331,3728
3332,2566
3333,204
3334,2360
3335,1412
3336,440
3337,1187
3338,2091
3339,2638
3340,1453
3341,1651
3342,3361
3343,1701
3344,1116
3345,1747
3346,1708
3347,3913
3348,232
3349,2501
3350,1563
3351,3523
3352,4441
3353,92
3354,604
3355,3403
3356,4161
3357,2361
3358,98
3359,2117
3360,1756
3361,4234
3362,1772
3363,2446
3364,588
3365,3464
3366,3985
3367,299
3368,2887
3369,3687
3370,4014
3371,4469
3372,3636
3373,1898
3374,2630
3375,3817
3376,130
3377,1985
3378,2194
3379,4280
3380,3090
3381,2971
3382,4297
3383,1837
3384,994
3385,2191
3386,3575
3387,2043
3388,3295
3389,2681
3390,1328
3391,1997
3392,1737
3393,1999
3394,3063
3395,2286
3396,3380
3397,4308
3398,3529
3399,3799
3400,3355
3401,1745
3402,4454
3403,1271
3404,2888
3405,2941
3406,3686
3407,2451
3408,1088
3409,1535
3410,1030
3411,3256
3412,1559
3413,4024
3414,4414
3415,1774
3416,523
3417,1627
3418,3158
3419,4094
3420,3231
3421,2977
3422,2968
3423,709
3424,3414
3425,2976
3426,2208
3427,2764
3428,4257
3429,1148
3430,904
3431,1396
3432,2652
3433,829
3434,1096
3435,1391
3436,1163
3437,2556
3438,2491
3439,455
3440,395
3441,1652
3442,1039
3443,3531
3444,2202
3445,937
3446,2703
3447,2982
3448,3440
3449,2375
3450,3903
3451,141
3452,1861
3453,1868
3454,1533
3455,2109
3456,1564
3457,935
3458,3130
3459,4095
3460,2573
3461,105
3462,199
3463,137
3464,1079
3465,219
3466,2147
3467,2357
3468,2317
3469,2710
3470,3620
3471,3792
3472,1295
3473,3293
3474,32
3475,3905
3476,775
3477,2654
3478,4157
3479,3283
3480,4417
3481,3626
3482,3058
3483,2918
3484,2067
3485,696
3486,451
3487,2141
3488,638
3489,866
3490,1064
3491,2748
3492,1214
3493,2770
3494,1216
3495,2991
3496,4083
3497,1173
3498,4179
3499,2457
3500,4207
3501,3932
3502,1092
3503,3200
3504,1487
3505,4167
3506,3851
3507,2835
3508,4050
3509,1882
3510,1087
3511,1041
3512,871
3513,2464
3514,1010
3515,695
3516,2696
3517,1576
3518,591
3519,1951
3520,3368
3521,3600
3522,938
3523,245
3524,1551
3525,3839
3526,1208
3527,624
3528,3321
3529,1062
3530,78
3531,2287
3532,1489
3533,4080
3534,1154
3535,1911
3536,1317
3537,2625
3538,1285
3539,2452
3540,3865
3541,3967
3542,1094
3543,942
3544,597
3545,4466
3546,2066
3547,97
3548,2316
3549,158
3550,3838
3551,3163
3552,128
3553,2413
3554,3022
3555,963
3556,17
3557,383
3558,1118
3559,113
3560,453
3561,2296
3562,1651
3563,1348
3564,2653
3565,3788
3566,2979
3567,1721
3568,101
3569,1273
3570,595
3571,2753
3572,3435
3573,4347
3574,839
3575,1789
3576,2669
3577,2733
3578,4381
3579,3663
3580,2188
3581,3471
3582,4332
3583,2930
3584,2944
3585,3525
3586,2057
3587,4450
3588,922
3589,3923
3590,2324
3591,3562
3592,468
3593,1822
3594,921
3595,3564
3596,1083
3597,3675
3598,4055
3599,4028
3600,384
3601,776
3602,2337
3603,3422
3604,2845
3605,1609
3606,3930
3607,1800
3608,1122
3609,1085
3610,1536
3611,4227
3612,1382
3613,4258
3614,510
3615,4370
3616,816
3617,572
3618,874
3619,2528
3620,3565
3621,3343
3622,2497
3623,2740
3624,3399
3625,1230
3626,54
3627,4263
3628,2149
3629,2955
3630,4176
3631,3661
3632,2364
3633,2121
3634,3238
3635,2074
3636,2244
3637,1981
3638,2131
3639,649
3640,4377
3641,1692
3642,1827
3643,2007
3644,4103
3645,3073
3646,4331
3647,4029
3648,993
3649,1710
3650,81
3651,1885
3652,2088
3653,3326
3654,1225
3655,1570
3656,3602
3657,3213
3658,4252
3659,3335
3660,3300
3661,3723
3662,522
3663,1369
3664,2574
3665,3482
3666,2809
3667,3348
3668,3039
3669,811
3670,4140
3671,2732
3672,914
3673,1757
3674,4190
3675,2637
3676,481
3677,3753
3678,726
3679,1185
3680,1597
3681,3890
3682,774
3683,431
3684,4100
3685,3193
3686,1478
3687,4096
3688,4070
3689,3115
3690,3087
3691,2031
3692,4297
3693,3593
3694,1415
3695,1277
3696,2153
3697,2745
3698,2135
3699,2185
3700,3635
3701,2790
3702,3027
3703,3488
3704,1097
3705,1321
3706,4116
3707,2032
3708,1903
3709,2009
3710,2770
3711,1216
3712,491
3713,4405
3714,3840
3715,2989
3716,3083
3717,3466
3718,3271
3719,653
3720,1309
3721,1133
3722,1412
3723,2296
3724,2957
3725,3068
3726,697
3727,2579
3728,2105
3729,2265
3730,2622
3731,3641
3732,3035
3733,1759
3734,4290
3735,601
3736,2756
3737,889
3738,2338
3739,418
3740,2468
3741,3623
3742,3118
3743,728
3744,3630
3745,3127
3746,3297
3747,257
3748,1065
3749,1732
3750,2988
3751,1394
3752,1098
3753,4239
3754,1146
3755,2519
3756,1686
3757,3616
3758,3664
3759,3773
3760,2486
3761,3988
3762,670
3763,1660
3764,4270
3765,1050
3766,2192
3767,1063
3768,3699
3769,3871
3770,1808
3771,1257
3772,3676
3773,1823
3774,1729
3775,202
3776,139
3777,789
3778,3466
3779,357
3780,1232
3781,3257
3782,912
3783,865
3784,4460
3785,3521
3786,685
3787,1282
3788,3245
3789,3948
3790,3002
3791,2442
3792,2865
3793,3744
3794,2401
3795,3746
3796,832
3797,1450
3798,2198
3799,1319
3800,1036
3801,375
3802,174
3803,151
3804,1671
3805,4315
3806,3955
3807,2233
3808,4448
3809,547
3810,1499
3811,1623
3812,1464
3813,1517
3814,3393
3815,1993
3816,3951
3817,2203
3818,283
3819,3896
3820,3181
3821,2942
3822,2293
3823,1314
3824,3837
3825,314
3826,823
3827,1066
3828,730
3829,2829
3830,132
3831,753
3832,840
3833,3805
3834,93
3835,294
3836,3721
3837,4306
3838,2543
3839,1542
3840,215
3841,569
3842,4077
3843,1
3844,850
3845,226
3846,287
3847,2797
3848,4246
3849,2399
3850,2938
3851,882
3852,1724
3853,2447
3854,2792
3855,3032
3856,3354
3857,2386
3858,442
3859,1960
3860,1534
3861,2181
3862,4031
3863,2217
3864,302
3865,2544
3866,3284
3867,3685
3868,2688
3869,274
3870,2346
3871,2076
3872,3302
3873,2237
3874,3953
3875,4118
3876,3014
3877,3822
3878,465
3879,3666
3880,1952
3881,3727
3882,1585
3883,1838
3884,1215
3885,499
3886,892
3887,2259
3888,2046
3889,259
3890,845
3891,2393
3892,1128
3893,133
3894,3249
3895,1156
3896,2122
3897,4128
3898,3467
3899,2132
3900,146
3901,4170
3902,2297
3903,1361
3904,3431
3905,3025
3906,3436
3907,4135
3908,4069
3909,2853
3910,4073
3911,3570
3912,1114
3913,3767
3914,1100
3915,303
3916,2092
3917,3989
3918,1072
3919,1846
3920,495
3921,217
3922,3381
3923,473
3924,4009
3925,3003
3926,936
3927,1491
3928,3114
3929,596
3930,2820
3931,4205
3932,3209
3933,683
3934,654
3935,325
3936,208
3937,3064
3938,2580
3939,4162
3940,757
3941,498
3942,3643
3943,567
3944,1863
3945,3554
3946,1651
3947,2410
3948,77
3949,2928
3950,4427
3951,1655
3952,2577
3953,1969
3954,2415
3955,3725
3956,2325
3957,3645
3958,2667
3959,88
3960,3044
3961,2493
3962,3594
3963,298
3964,4064
3965,236
3966,3846
3967,883
3968,2800
3969,3742
3970,885
3971,1746
3972,3763
3973,1687
3974,3542
3975,2376
3976,2929
3977,3292
3978,2008
3979,2113
3980,3761
3981,891
3982,2759
3983,3483
3984,4138
3985,57
3986,4034
3987,3060
3988,1315
3989,4348
3990,907
3991,2907
3992,2821
3993,3576
3994,2062
3995,2506
3996,1880
3997,474
3998,1170
3999,732
4000,4159
4001,4168
4002,3265
4003,4279
4004,2541
4005,4445
4006,958
4007,2832
4008,3358
4009,4298
4010,2666
4011,341
4012,3406
4013,822
4014,2407
4015,3806
4016,2318
4017,3703
4018,1261
4019,2627
4020,1834
4021,727
4022,1870
4023,237
4024,2137
4025,39
4026,2813
4027,1405
4028,1978
4029,3036
4030,3305
4031,1988
4032,3964
4033,1364
4034,72
4035,2328
4036,2315
4037,941
4038,759
4039,3941
4040,68
4041,4032
4042,1101
4043,1324
4044,3684
4045,1865
4046,2080
4047,2218
4048,2708
4049,1218
4050,2503
4051,2474
4052,1067
4053,1666
4054,2314
4055,3669
4056,3824
4057,1635
4058,3657
4059,2463
4060,4291
4061,1076
4062,3263
4063,296
4064,1979
4065,311
4066,305
4067,4147
4068,4144
4069,1106
4070,1280
4071,419
4072,1891
4073,1945
4074,4468
4075,2035
4076,548
4077,4422
4078,1431
4079,2849
4080,336
4081,4053
4082,2295
4083,529
4084,3276
4085,3514
4086,2827
4087,2917
4088,2127
4089,4136
4090,4178
4091,4151
4092,2894
4093,1555
4094,3852
4095,2839
4096,3571
4097,11
4098,3860
4099,1813
4100,200
4101,3549
4102,684
4103,3706
4104,4102
4105,3075
4106,3289
4107,3419
4108,1220
4109,1940
4110,186
4111,2055
4112,2494
4113,1016
4114,1695
4115,2814
4116,4196
4117,1483
4118,2672
4119,1866
4120,416
4121,2225
4122,995
4123,2275
4124,4046
4125,4260
4126,3428
4127,3286
4128,2204
4129,550
4130,2414
4131,4393
4132,476
4133,2075
4134,802
4135,1289
4136,3071
4137,1400
4138,300
4139,2326
4140,2919
4141,309
4142,1900
4143,3136
4144,3646
4145,2219
4146,4219
4147,1422
4148,3829
4149,1910
4150,3501
4151,676
4152,2597
4153,246
4154,2476
4155,1053
4156,3183
4157,1274
4158,3737
4159,1027
4160,2642
4161,1516
4162,1298
4163,2090
4164,2374
4165,1212
4166,3373
4167,1160
4168,7
4169,2524
4170,820
4171,2199
4172,4016
4173,1698
4174,3261
4175,2975
4176,1990
4177,1916
4178,2058
4179,1640
4180,1731
4181,1591
4182,3522
4183,3418
4184,2061
4185,820
4186,205
4187,3432
4188,4230
4189,3899
4190,3111
4191,1961
4192,3689
4193,4264
4194,3861
4195,238
4196,2480
4197,3543
4198,2871
4199,2272
4200,1081
4201,1901
4202,2094
4203,3023
4204,857
4205,1327
4206,615
4207,1606
4208,1006
4209,1555
4210,1580
4211,639
4212,3232
4213,2767
4214,328
4215,435
4216,1471
4217,4037
4218,3754
4219,152
4220,2752
4221,2737
4222,2751
4223,2278
4224,3139
4225,1024
4226,3461
4227,2033
4228,897
4229,1296
4230,3242
4231,2189
4232,1677
4233,3933
4234,2581
4235,1529
4236,3931
4237,1055
4238,1849
4239,903
4240,3766
4241,1624
4242,2016
4243,1779
4244,3949
4245,803
4246,420
4247,1171
4248,2796
4249,1183
4250,1444
4251,2800
4252,1766
4253,1828
4254,2111
4255,754
4256,3969
4257,2795
4258,2715
4259,2607
4260,2112
4261,4133
4262,1490
4263,3902
4264,3084
4265,1915
4266,1443
4267,3269
4268,3266
4269,3388
4270,1457
4271,517
4272,1565
4273,4462
4274,2229
4275,2270
4276,4160
4277,4317
4278,1805
4279,3390
4280,1284
4281,2965
4282,1049
4283,2261
4284,3112
4285,2166
4286,3260
4287,1723
4288,9
4289,2954
4290,1924
4291,4026
4292,2258
4293,2511
4294,3241
4295,369
4296,4171
4297,3329
4298,2947
4299,109
4300,2547
4301,4292
4302,4286
4303,923
4304,413
4305,3251
4306,814
4307,1423
4308,658
4309,4265
4310,2937
4311,3122
4312,1435
4313,1858
4314,1618
4315,277
4316,3900
4317,16
4318,54
4319,4350
4320,2312
4321,188
4322,3309
4323,4141
4324,1746
4325,2800
4326,945
4327,3808
4328,3683
4329,575
4330,4353
4331,754
4332,3377
4333,3618
4334,3825
4335,3394
4336,247
4337,514
4338,4192
4339,2717
4340,59
4341,1506
4342,290
4343,900
4344,216
4345,2184
4346,2958
4347,642
4348,1309
4349,3101
4350,1504
4351,1539
4352,686
4353,408
4354,3344
4355,3527
4356,2628
4357,3712
4358,1563
4359,1912
4360,3972
4361,3844
4362,530
4363,3056
4364,2053
4365,610
4366,2598
4367,3262
4368,1497
4369,731
4370,2455
4371,1600
4372,2739
4373,719
4374,2536
4375,89
4376,3639
4377,3764
4378,2885
4379,2682
4380,4426
4381,4210
4382,4152
4383,1132
4384,3659
4385,4114
4386,4408
4387,953
4388,710
4389,42
4390,63
4391,1596
4392,140
4393,1739
4394,2673
4395,655
4396,1468
4397,2858
4398,4412
4399,2385
4400,1465
4401,2833
4402,2469
4403,2213
4404,2785
4405,2333
4406,2101
4407,4172
4408,325
4409,3064
4410,2902
4411,82
4412,902
4413,1253
4414,2034
4415,3732
4416,4358
4417,3745
4418,3392
4419,641
4420,2735
4421,905
4422,1832
4423,2050
4424,411
4425,1386
4426,1986
4427,91
4428,1996
4429,201
4430,1762
4431,147
4432,1674
4433,1342
4434,3390
4435,3577
4436,1247
4437,565
4438,996
4439,703
4440,2590
4441,2562
4442,223
4443,2689
4444,2620
4445,135
4446,1498
4447,3338
4448,4413
4449,964
4450,1763
4451,1017
4452,1339
4453,2398
4454,2956
4455,337
4456,611
4457,3441
4458,3201
4459,3235
4460,4079
4461,233
4462,573
4463,985
4464,2103
4465,2896
4466,671
4467,843
4468,103
4469,3216
4470,1427
4471,2171
4472,648
4473,3074
4474,191
4475,4047
4476,1476
4477,483
4478,3971
4479,1048
4480,2365
4481,134
4482,3340
4483,1357
4484,2348
4485,1751
4486,1797
4487,2923
4488,1366
4489,2676
4490,3184
4491,1856
4492,852
4493,3832
4494,1847
4495,145
4496,1835
4497,2280
4498,282
4499,179
4500,2892
4501,2355
4502,4075
4503,2990
4504,4339
4505,3614
4506,3268
4507,1436
4508,2079
4509,3239
4510,4213
4511,3010
4512,1902
4513,2114
4514,190
4515,1584
4516,212
4517,3713
4518,1809
4519,1437
4520,3234
4521,1507
4522,3873
4523,1483
4524,3477
4525,3082
4526,562
4527,1354
4528,549
4529,211
4530,1246
4531,3240
4532,3862
4533,1768
4534,1012
4535,3915
4536,3175
4537,788
4538,1479
4539,2514
4540,2448
4541,3950
4542,2765
4543,4107
4544,3826
4545,1449
4546,675
4547,1033
4548,1574
4549,1209
4550,1075
4551,603
4552,2477
4553,66
4554,1893
4555,644
4556,1470
4557,58
4558,1325
4559,3048
4560,248
4561,3678
4562,4276
4563,3598
4564,3768
4565,1151
4566,2187
4567,2341
4568,911
4569,1003
4570,3473
4571,528
4572,3993
4573,1625
4574,1157
4575,3769
4576,1201
4577,1381
4578,2726
4579,949
4580,2780
4581,3650
4582,3323
4583,3847
4584,872
4585,3374
4586,2276
4587,1936
4588,4112
4589,115
4590,385
4591,2266
4592,1501
4593,4309
4594,2004
4595,701
4596,916
4597,2680
4598,3752
4599,2700
4600,3912
4601,4277
4602,886
4603,1372
4604,1932
4605,4199
4606,4311
4607,47
4608,947
4609,2143
4610,2496
4611,3925
4612,339
4613,4429
4614,4061
4615,445
4616,1796
4617,2591
4618,1657
4619,3894
4620,1689
4621,2559
4622,1068
4623,3497
